10100000000000000000000000100001
00000000000000000000000000000000
10001000000000000000000000000010
10001000010000000000000000000000
10000000000000100000000000000000
01111000000000000000000000000010
10001000100000000000000000000001
10010000100000000000000000000001
01111000100000000000000000000001
00000000000000000000000000000000
10001000110000000000000000000010
10010001000000000000000000000001
01101001010001100100000000000000
10010111010000000000000000011100
10111111010010100000000000000000
10001001010000000000000000000001
10001001100000000000000000000001
10001001110000000000000000000010
01000010000011000111000000000000
10000001010100000000000000000000
01111001010000000000000000000001
10001010010000000000000000000010
10001010100000000000000000000010
10010010110000000000000000000001
01101011000101001011000000000000
10000010010110000000000000000000
01111010010000000000000000000010
10100000000000000000000000001001
00000000000000000000000000000000
10001011010000000000000000000001
10000111000110100000000000000000
10011111110000000000000000000000
00000000000000000000000000000000
00000000000000000000000000000000
10001011100000000000000000000011
00010011110000000000000000000000
10000011100111100000000000000000
01111011100000000000000000000011
10001011100000000000000000000011
01111011100000000000000000000000
10010111110000000000000000101010
10100000000000000000000000000001
10000011101110000000000000000000
00011000000111000000000000000000
00000000000000000000000000000000
00001000000000000000000000000000
